  77 121 243 173  89  42 237 102 211 100 103  96 255 185 154 214
 160 206   0  89  94 217 186 207 183 143  56  44 144  93 198  53
 134  58 120  55  30  75  56  44  77   6 138 203  67 130 120 165
 153 157  11 126  41 214   2  33  42  19 105 130 163   2 206 106
  16  13 187 107  51  24 125 195  79 193 100 160 160  53 160  65
  41 140  60 200 164 250 160 109  22 116 254 198 206 194 101  18
  72 196 242 116  22  23 156 252 184  75  41  27  61 237 140 230
  87  76 169 113  37 197  81  35  93 172 212 222  34 164 101 113
 143  50 208 251   4  29 228 229 217 232  57 126 128 101  52 206
  89 180  32 222 156  26
